0.0000 0.6934 0.3066
1.0000 0.3816 0.6184
2.0000 0.5321 0.4679
3.0000 0.5884 0.4116
4.0000 0.0249 0.9751
5.0000 0.4053 0.5947
6.0000 0.7830 0.2170
7.0000 0.4672 0.5328
8.0000 0.7573 0.2427
9.0000 0.4043 0.5957
10.0000 0.4302 0.5698
11.0000 0.0000 1.0000
12.0000 0.0000 1.0000
13.0000 0.0671 0.9329
14.0000 0.0571 0.9429
15.0000 0.3215 0.6785
16.0000 0.3653 0.6347
17.0000 0.1381 0.8619
18.0000 0.0000 1.0000
19.0000 0.2030 0.7970
20.0000 0.1901 0.8099
21.0000 0.3434 0.6566
22.0000 0.2674 0.7326
23.0000 0.5434 0.4566
24.0000 0.3615 0.6385
25.0000 0.0000 1.0000
26.0000 0.8327 0.1673
27.0000 0.0000 1.0000
28.0000 0.3828 0.6172
29.0000 0.0413 0.9587
30.0000 0.0798 0.9202
31.0000 0.1677 0.8323
32.0000 0.5324 0.4676
33.0000 0.7396 0.2604
34.0000 0.0693 0.9307
35.0000 0.0469 0.9531
36.0000 0.3532 0.6468
37.0000 0.0000 1.0000
38.0000 0.0000 1.0000
39.0000 0.0746 0.9254
40.0000 0.0000 1.0000
41.0000 0.6645 0.3355
42.0000 0.3810 0.6190
43.0000 0.0000 1.0000
44.0000 0.0403 0.9597
45.0000 0.4706 0.5294
46.0000 0.7476 0.2524
47.0000 0.5402 0.4598
48.0000 0.0000 1.0000
49.0000 0.4762 0.5238
50.0000 0.5138 0.4862
51.0000 0.3725 0.6275
52.0000 0.3909 0.6091
53.0000 0.5996 0.4004
54.0000 0.0000 1.0000
55.0000 0.4343 0.5657
56.0000 0.7322 0.2678
57.0000 0.0796 0.9204
58.0000 0.1613 0.8387
59.0000 0.2623 0.7377
60.0000 0.3637 0.6363
61.0000 0.0000 1.0000
62.0000 0.2112 0.7888
63.0000 0.2205 0.7795
64.0000 0.4702 0.5298
65.0000 0.0000 1.0000
66.0000 0.0000 1.0000
67.0000 0.7123 0.2877
68.0000 0.0559 0.9441
69.0000 0.2855 0.7145
70.0000 0.5499 0.4501
71.0000 0.5497 0.4503
72.0000 0.2369 0.7631
73.0000 0.0886 0.9114
74.0000 0.1235 0.8765
75.0000 0.1360 0.8640
76.0000 0.1615 0.8385
77.0000 0.1787 0.8213
78.0000 0.4630 0.5370
79.0000 0.0000 1.0000
80.0000 0.0000 1.0000
81.0000 0.2010 0.7990
82.0000 0.3137 0.6863
83.0000 0.5683 0.4317
84.0000 0.5416 0.4584
85.0000 0.7675 0.2325
86.0000 0.2700 0.7300
87.0000 0.7293 0.2707
88.0000 0.0000 1.0000
89.0000 0.5126 0.4874
90.0000 0.1616 0.8384
91.0000 0.3485 0.6515
92.0000 0.3085 0.6915
93.0000 0.0000 1.0000
94.0000 0.0000 1.0000
95.0000 0.6878 0.3122
96.0000 0.4641 0.5359
97.0000 0.6577 0.3423
98.0000 0.7013 0.2987
99.0000 0.0000 1.0000
100.0000 0.2289 0.7711
101.0000 0.1771 0.8229
102.0000 0.0000 1.0000
103.0000 0.2257 0.7743
104.0000 0.6770 0.3230
105.0000 0.8195 0.1805
106.0000 0.4538 0.5462
107.0000 0.0000 1.0000
108.0000 0.5106 0.4894
109.0000 0.1343 0.8657
110.0000 0.0000 1.0000
111.0000 0.0657 0.9343
112.0000 0.7130 0.2870
113.0000 0.2546 0.7454
114.0000 0.2890 0.7110
115.0000 0.6398 0.3602
116.0000 0.3693 0.6307
117.0000 0.0000 1.0000
118.0000 0.6998 0.3002
119.0000 0.0786 0.9214
120.0000 0.0000 1.0000
121.0000 0.6969 0.3031
122.0000 0.2804 0.7196
123.0000 0.2287 0.7713
124.0000 0.8674 0.1326
125.0000 0.3185 0.6815
126.0000 0.0000 1.0000
127.0000 0.8054 0.1946
128.0000 0.6464 0.3536
129.0000 0.0000 1.0000
130.0000 0.2124 0.7876
131.0000 0.1784 0.8216
132.0000 0.4047 0.5953
133.0000 0.0940 0.9060
134.0000 0.2434 0.7566
135.0000 0.6756 0.3244
136.0000 0.8176 0.1824
137.0000 0.0000 1.0000
138.0000 0.1493 0.8507
139.0000 0.7813 0.2187
140.0000 0.8784 0.1216
141.0000 0.2637 0.7363
142.0000 0.0000 1.0000
143.0000 0.8710 0.1290
144.0000 0.4869 0.5131
145.0000 0.0000 1.0000
146.0000 0.0000 1.0000
147.0000 0.6066 0.3934
148.0000 0.8154 0.1846
149.0000 0.0000 1.0000
150.0000 0.4025 0.5975
151.0000 0.4463 0.5537
152.0000 0.0000 1.0000
153.0000 0.8298 0.1702
154.0000 0.4377 0.5623
155.0000 0.2331 0.7669
156.0000 0.7320 0.2680
157.0000 0.2100 0.7900
158.0000 0.3279 0.6721
159.0000 0.6490 0.3510
160.0000 0.1401 0.8599
161.0000 0.0000 1.0000
162.0000 0.2627 0.7373
163.0000 0.0000 1.0000
164.0000 0.0000 1.0000
165.0000 0.0000 1.0000
166.0000 0.2703 0.7297
167.0000 0.0000 1.0000
168.0000 0.0000 1.0000
169.0000 0.3907 0.6093
170.0000 0.6670 0.3330
171.0000 0.7778 0.2222
172.0000 0.0318 0.9682
173.0000 0.5849 0.4151
174.0000 0.8427 0.1573
175.0000 0.0000 1.0000
176.0000 0.7540 0.2460
177.0000 0.0000 1.0000
178.0000 0.1175 0.8825
179.0000 0.1392 0.8608
180.0000 0.7997 0.2003
181.0000 0.6168 0.3832
182.0000 0.2808 0.7192
183.0000 0.0000 1.0000
184.0000 0.4733 0.5267
185.0000 0.0845 0.9155
186.0000 0.0721 0.9279
187.0000 0.2588 0.7412
188.0000 0.8872 0.1128
189.0000 0.5017 0.4983
190.0000 0.8880 0.1120
191.0000 0.8283 0.1717
192.0000 0.0000 1.0000
193.0000 0.6489 0.3511
194.0000 0.1828 0.8172
195.0000 0.0000 1.0000
196.0000 0.0000 1.0000
197.0000 0.5910 0.4090
198.0000 0.4481 0.5519
199.0000 0.9298 0.0702
200.0000 0.6214 0.3786
